5
24
0
43
12
30
34
0
13
27
31
0
12
32
0
12
16
0
13
15
0
12
27
0
12
19
0
13
14
0
12
5
0
4
31
37
0
6
0
29
0
102
7
39
39
17
0
8
20
40
41
42
23
0
9
18
45
47
33
35
41
39
43
48
47
46
35
43
24
50
48
40
0
7
35
0
9
38
47
49
48
39
52
40
43
22
0
7
17
33
0
9
4
41
39
50
38
45
29
14
39
0
7
44
47
0
23
0
15
0
10
0
8
25
0
7
54
35
0
5
18
0
7
33
0
5
22
40
40
22
38
45
48
37
48
44
23
0
7
16
0
5
8
45
40
39
40
0
7
42
51
40
0
5
17
0
7
41
0
6
0
31
0
33
12
29
0
13
14
0
12
19
0
12
41
40
19
48
50
33
31
30
0
13
22
0
12
13
0
12
14
0
12
28
29
31
22
28
33
29
27
32
32
31
29
17
0
13
17
0
12
28
32
0
11
0
12
15
18
0
4
32
28
24
34
34
28
0
24
0
8
39
0
7
45
40
48
44
49
40
42
42
16
0
8
32
0
12
49
0
13
49
0
12
48
0
7
44
51
34
41
49
34
47
39
49
42
27
0
12
5
0
13
5
0
12
5
0
12
33
0
13
31
0
12
42
32
0
12
29
0
8
43
45
45
38
41
42
41
40
50
0
14
0
7
41
49
0
8
45
47
0
7
43
35
31
0
8
29
0
7
18
0
8
40
0
7
43
0
20
0
5
40
42
42
38
49
45
42
42
41
43
43
32
0
6
11
42
35
13
0
5
40
48
43
16
0
7
31
0
8
46
18
0
6
28
40
50
43
47
47
43
20
0
8
36
23
0
17
0
22
0
9
0
45
46
25
0
7
17
38
46
38
43
39
23
28
0
8
28
38
47
0
5
0
38
40
44
42
37
42
40
34
48
46
39
16
0
7
29
0
8
62
16
0
7
26
52
24
0
8
27
48
0
7
42
0
8
46
49
37
46
48
43
30
0
7
12
0
8
33
0
6
0
29
0
67
7
36
33
0
8
9
44
41
44
44
38
39
41
40
28
0
7
14
44
34
18
0
38
0
19
34
39
40
49
46
46
43
0
8
34
45
40
51
51
33
0
7
15
43
43
45
43
26
0
7
16
24
0
7
18
42
42
42
33
43
43
34
47
42
27
0
8
46
44
42
24
0
7
17
0
8
48
44
46
44
42
45
0
4
0
7
43
34
39
44
25
0
16
0
37
0
37
13
46
51
51
51
48
50
48
52
50
46
48
48
51
28
41
49
44
48
37
55
49
58
53
42
48
40
41
44
41
28
0
17
0
21
0
10
29
0
13
22
43
36
0
10
47
39
46
31
0
13
17
21
0
14
0
27
40
39
44
46
39
42
40
45
46
51
37
49
43
46
48
20
0
13
0
28
45
38
37
26
0
8
16
27
0
13
20
0
8
26
0
13
8
26
43
46
45
54
44
39
45
46
41
0
8
22
0
13
19
32
25
0
6
0
34
0
109
7
41
36
23
0
7
21
42
48
39
45
47
49
20
0
18
0
7
31
49
48
45
30
0
13
15
46
40
46
47
41
21
0
7
28
46
38
52
46
27
0
13
18
53
47
25
0
7
18
44
42
23
0
6
0
28
0
126
8
48
42
43
45
41
43
47
46
48
48
48
43
43
48
46
47
43
46
48
37
37
48
39
40
47
41
41
23
0
18
0
19
0
13
52
0
8
21
0
13
20
0
8
44
46
41
46
23
0
13
18
50
43
40
40
42
45
42
38
41
31
0
8
15
36
26
0
13
23
42
42
45
43
45
53
44
47
41
46
48
18
0
8
18
0
13
8
45
43
47
40
40
37
42
37
41
34
39
45
19
0
8
30
39
43
47
47
22
0
13
27
44
15
0
8
25
42
42
52
0
6
0
0
6
35
0
53
7
24
0
8
45
0
7
28
0
8
26
0
7
49
46
39
43
46
23
0
41
0
17
12
0
8
9
0
7
45
37
41
40
45
23
0
8
17
38
36
0
7
11
47
35
0
8
20
42
51
28
0
7
24
0
8
45
29
0
7
14
40
41
22
0
8
22
0
7
29
0
25
0
8
44
42
0
12
0
39
52
42
36
39
39
41
35
25
45
36
49
45
44
47
39
45
42
42
45
35
52
52
49
48
39
42
51
49
0
12
0
42
38
39
0
4
0
19
0
19
13
50
43
12
48
52
44
48
14
44
25
0
8
31
0
13
36
47
47
43
36
0
13
0
11
0
8
50
0
13
44
18
0
8
5
0
13
4
0
8
15
0
13
3
0
8
5
31
0
13
10
0
8
22
0
20
0
13
40
0
8
47
9
54
50
15
0
13
30
0
8
47
47
45
33
0
13
26
0
8
43
39
19
0
13
31
42
0
8
45
47
48
49
49
34
0
13
17
0
8
49
49
50
0
13
46
43
44
44
47
45
29
0
8
16
38
27
0
13
18
46
46
43
41
29
0
21
0
8
24
45
50
46
48
38
25
0
21
0
13
40
25
0
15
0
17
45
38
36
25
0
15
0
20
45
39
27
0
8
45
0
15
0
52
0
6
0
20
0
32
7
30
44
20
0
15
0
6
41
39
45
39
19
0
15
0
6
40
46
46
44
43
16
0
15
0
6
43
47
44
17
0
15
0
6
40
50
43
44
31
0
15
0
44
0
14
0
24
0
8
44
24
0
7
38
39
25
0
8
48
0
7
37
49
36
43
46
38
47
44
44
48
0
8
45
0
7
39
42
47
47
4
0
8
23
0
13
0
43
0
7
23
0
8
18
0
8
35
0
8
8
0
8
40
31
0
8
22
0
8
39
17
0
8
38
17
0
8
26
28
0
4
0
7
27
0
8
27
0
7
40
47
54
37
38
48
49
27
0
8
20
0
7
36
15
0
16
0
8
42
30
0
15
18
0
8
40
39
44
25
0
8
29
0
7
21
0
8
44
39
31
0
25
0
13
41
37
48
41
40
51
42
0
10
0
18
0
13
20
43
40
0
8
14
42
33
24
0
12
0
17
29
0
13
10
19
0
7
20
41
21
0
38
0
8
42
51
38
42
44
30
0
27
0
10
14
0
8
27
48
45
0
8
30
0
8
11
0
7
48
48
45
19
47
28
0
8
33
21
0
8
21
0
8
47
39
30
43
44
51
51
52
49
43
31
0
13
18
0
8
17
0
8
48
43
0
10
46
15
45
12
29
0
8
42
24
0
7
17
0
27
0
41
37
44
48
44
39
21
0
8
12
0
4
7
0
8
37
30
0
4
15
0
37
0
8
46
37
47
0
10
36
43
51
18
0
8
32
40
41
41
45
48
0
6
0
35
0
26
8
39
43
54
29
0
5
16
52
50
49
46
44
33
0
8
15
48
41
42
0
5
55
47
53
48
17
0
8
30
0
5
42
48
0
13
0
29
0
8
17
0
5
46
0
8
30
0
5
14
29
0
8
19
43
46
22
0
5
21
39
43
39
0
8
38
15
0
5
23
0
8
21
42
28
0
5
18
0
8
25
0
5
21
0
8
48
43
0
5
17
0
8
41
49
0
6
0
0
7
28
0
13
7
44
41
48
37
45
46
45
39
35
41
0
107
0
8
23
0
13
25
40
25
0
8
37
31
0
7
17
39
32
14
0
8
24
0
7
17
0
8
45
48
48
18
0
7
41
51
37
25
0
8
19
0
7
20
0
8
40
41
44
46
45
44
48
0
7
45
0
8
42
49
0
11
0
35
36
41
52
0
40
0
41
13
0
10
43
0
8
21
0
14
0
22
43
40
54
42
43
38
38
37
48
45
45
42
43
37
44
39
40
45
38
37
33
45
40
46
0
38
0
48
0
14
0
39
0
15
32
0
8
14
40
47
44
42
53
40
16
53
37
22
0
15
24
0
8
40
40
43
46
44
44
28
0
15
21
0
8
35
51
46
40
46
38
44
43
34
42
39
41
44
37
41
43
32
0
16
19
44
40
24
0
15
13
45
38
27
0
8
11
27
0
15
14
0
8
43
38
46
44
42
47
45
43
39
40
27
0
16
18
28
0
15
18
0
8
56
44
46
45
45
42
42
40
39
43
44
22
0
15
25
0
8
42
0
16
0
43
45
0
4
0
21
0
33
13
26
0
8
38
0
13
43
16
0
8
14
0
4
0
13
26
40
38
42
0
13
0
40
43
50
50
46
0
8
42
51
38
46
14
42
42
47
47
38
44
41
50
39
22
0
13
8
45
48
0
8
41
37
47
25
50
41
25
0
13
20
0
8
43
49
0
13
39
0
8
41
43
52
43
51
24
0
13
18
0
8
44
48
39
38
41
49
29
45
51
49
47
24
0
6
0
34
0
22
15
34
0
15
8
0
16
44
34
22
0
15
19
47
35
43
25
0
15
20
0
7
35
0
16
22
39
25
0
15
20
0
15
35
44
19
0
16
17
0
38
0
15
8
0
15
11
0
7
25
0
15
17
0
20
0
7
47
28
0
21
0
15
29
0
15
17
0
15
38
0
16
12
24
0
15
43
0
6
0
39
0
85
8
45
28
0
6
23
0
8
33
25
45
28
0
13
45
37
0
34
0
8
51
48
45
16
0
20
