0
26
0
15
19
0
8
40
17
0
15
47
0
8
51
48
23
0
15
15
19
0
8
49
41
39
49
45
0
15
43
40
28
0
8
16
50
42
50
29
0
13
0
13
14
44
47
51
42
29
0
8
19
37
19
0
7
31
0
55
0
8
44
45
41
24
0
5
17
51
36
0
8
17
0
7
30
0
8
6
0
7
55
0
8
28
0
6
19
0
8
40
21
0
5
42
0
13
43
50
36
44
44
40
0
8
42
28
0
13
15
39
45
45
41
35
40
44
24
0
8
37
12
47
42
38
27
0
24
0
13
30
0
8
27
0
13
15
0
8
48
41
46
46
50
42
43
49
22
0
13
15
31
0
8
12
42
44
52
49
46
44
47
15
0
6
27
0
24
0
8
51
44
38
27
0
13
26
40
40
0
8
22
43
42
43
39
41
39
43
22
0
24
0
20
38
0
13
53
27
0
8
19
38
47
35
44
41
32
0
5
21
0
13
48
42
39
15
0
7
29
19
0
13
25
0
39
0
8
52
50
36
49
46
0
13
44
0
8
47
21
0
13
25
0
8
38
42
41
41
49
49
40
46
37
49
44
0
13
42
0
8
47
41
29
0
6
0
17
0
48
12
39
0
7
38
36
33
32
35
33
33
29
38
32
41
36
34
25
34
30
37
35
39
30
40
27
37
36
36
35
36
35
42
38
26
27
0
52
0
41
40
0
4
0
12
50
0
6
0
29
0
30
7
46
41
37
15
42
45
51
45
41
36
43
46
39
51
44
40
39
44
41
42
11
48
53
42
44
25
0
5
18
44
43
40
39
44
43
42
42
32
45
48
44
42
35
33
0
7
19
0
5
42
39
48
32
0
7
19
46
39
38
46
45
22
0
5
30
0
6
0
0
6
53
0
33
12
34
0
13
37
0
12
35
0
12
28
31
27
30
29
35
0
4
32
31
0
13
24
30
28
30
36
30
32
34
0
4
32
30
0
12
31
28
30
35
25
30
31
31
30
26
30
31
36
0
4
32
30
0
13
30
32
0
39
0
7
34
39
32
33
31
0
38
0
14
0
13
29
32
12
15
0
13
0
8
46
17
0
4
22
0
8
41
39
45
44
35
50
46
36
53
40
39
18
0
12
6
0
13
7
0
12
13
0
12
48
20
0
8
25
0
12
36
38
32
15
0
4
18
31
0
40
0
8
30
0
12
21
37
0
17
42
45
0
8
0
8
48
40
12
0
12
41
27
0
42
0
18
26
0
8
33
0
18
45
40
19
0
8
0
8
45
40
45
42
30
0
67
0
12
36
38
23
0
4
27
0
17
40
47
39
40
23
0
8
0
8
18
40
50
42
43
46
39
46
43
22
0
4
21
0
8
34
46
48
0
8
0
12
5
0
13
5
0
12
5
0
4
36
29
0
83
0
8
45
49
46
40
47
53
41
45
40
46
38
45
27
0
18
0
17
0
12
32
29
39
34
35
35
36
31
0
53
0
8
46
35
23
0
12
0
7
25
0
8
26
0
7
12
0
8
21
0
7
20
0
8
38
48
42
0
7
47
27
0
8
16
0
7
17
0
8
42
37
44
40
40
55
38
46
46
52
43
47
30
0
6
0
33
0
38
13
43
0
5
30
0
13
12
48
30
0
5
12
38
0
13
46
37
46
46
41
44
40
41
27
0
5
15
50
44
40
13
45
46
45
37
42
41
52
43
18
0
13
40
0
5
42
44
24
0
4
0
13
27
44
0
4
20
0
13
27
0
4
40
0
13
49
24
0
4
54
43
0
13
47
0
4
35
0
13
39
0
4
34
0
13
50
25
0
4
32
0
13
16
0
4
18
0
13
30
0
4
31
0
13
56
0
4
47
0
13
10
0
4
19
0
13
20
0
4
38
45
32
0
13
32
34
0
4
32
42
40
0
13
32
0
17
0
10
44
44
45
39
48
46
37
51
23
0
4
0
13
21
39
44
38
42
33
27
0
15
0
21
0
15
22
0
13
35
34
0
15
15
0
4
37
0
15
14
0
12
0
23
0
4
25
21
0
4
0
67
0
45
0
26
8
46
26
0
8
13
45
48
45
43
42
24
0
8
25
42
43
44
50
49
40
13
45
37
24
0
8
21
0
8
15
37
40
12
48
51
53
29
0
8
21
0
8
48
44
51
33
41
47
23
0
8
27
39
44
11
44
45
49
26
0
8
16
39
43
44
38
42
43
39
42
43
41
43
26
0
8
18
0
8
35
38
46
45
36
26
0
8
18
43
24
0
8
19
40
40
45
49
46
37
40
39
26
0
8
22
36
41
40
39
43
48
45
38
41
23
0
8
21
38
39
44
41
38
43
43
27
0
8
12
46
42
46
43
41
26
0
8
42
43
39
39
36
38
47
41
36
19
0
8
21
0
8
38
22
0
8
14
36
41
45
41
40
46
50
40
41
39
44
19
0
8
28
37
48
46
45
43
40
38
34
40
41
36
37
40
43
35
51
38
42
41
42
38
46
50
0
8
41
23
0
14
0
8
51
0
7
43
42
42
42
21
0
8
20
0
11
0
8
28
0
8
21
41
45
43
49
43
38
41
42
35
50
36
43
29
0
10
0
8
20
0
8
38
0
8
38
0
8
40
34
0
5
10
0
8
29
0
5
19
39
51
45
52
48
38
51
40
25
0
8
11
27
0
8
24
0
5
44
28
0
8
17
0
5
10
0
8
20
0
5
9
0
8
43
0
5
49
0
8
45
0
5
44
46
37
44
41
45
44
30
0
8
18
44
41
34
27
0
5
20
44
43
36
0
8
18
39
26
0
5
21
47
22
0
8
14
44
0
5
45
48
25
0
8
19
0
5
45
43
43
24
0
8
16
47
48
50
0
8
16
0
5
29
20
0
8
26
19
0
5
12
0
8
13
45
26
0
8
39
34
42
18
0
8
22
0
8
14
33
39
50
46
48
41
52
0
8
46
49
0
8
40
49
42
45
47
23
0
8
21
44
42
41
53
43
0
6
0
0
5
44
0
51
7
52
53
0
12
50
48
50
52
55
0
7
50
43
49
51
29
0
12
45
0
7
45
0
12
48
18
0
32
0
47
57
0
7
27
0
12
42
30
0
7
27
0
12
28
0
7
54
0
12
49
47
26
0
13
18
0
7
49
49
0
13
45
49
46
50
48
33
0
7
17
0
13
49
50
48
14
0
7
49
0
12
47
38
0
13
44
47
17
0
7
50
0
12
49
26
0
7
19
0
12
20
0
7
52
52
21
0
13
51
48
27
0
7
8
0
13
45
49
47
0
4
0
7
23
0
12
9
0
7
44
43
51
45
40
43
45
43
28
0
12
24
0
6
0
37
0
73
9
45
38
44
40
25
0
6
16
50
0
10
43
0
7
42
41
37
31
0
9
21
0
10
38
46
42
38
24
0
6
16
41
46
39
43
41
22
0
9
20
40
40
23
0
10
18
40
40
43
16
0
7
23
48
33
0
16
0
43
0
38
8
43
37
49
47
48
47
43
13
37
39
47
0
15
0
49
34
0
8
23
0
8
15
0
8
14
0
8
41
44
46
50
0
8
33
0
8
20
0
12
0
28
40
38
40
41
40
46
45
48
59
0
12
0
7
31
0
8
15
0
7
46
0
8
49
18
0
7
20
0
8
15
46
50
30
0
7
21
45
28
0
8
17
43
38
42
38
48
28
0
7
19
25
0
8
42
43
49
50
39
44
38
48
43
54
0
7
40
24
0
8
18
39
37
0
7
45
40
0
6
0
35
0
132
8
41
27
0
9
20
0
7
28
0
9
19
0
8
38
46
42
20
0
9
17
0
7
42
41
27
0
8
19
41
45
46
28
0
8
21
36
24
0
7
19
40
42
47
41
30
0
16
0
38
0
59
8
42
51
46
37
52
47
28
0
21
0
19
0
7
37
0
4
0
8
40
46
43
41
51
46
21
0
15
0
23
0
7
28
0
8
31
45
40
41
38
41
47
42
45
39
41
19
0
17
0
49
0
10
17
39
26
0
8
15
0
10
38
44
23
0
8
15
0
10
41
45
22
0
8
23
41
47
39
31
38
49
37
42
38
44
30
49
46
44
0
6
0
39
0
78
8
47
47
44
44
43
23
0
7
14
43
37
0
8
50
46
0
6
0
37
0
23
8
43
50
38
22
0
18
0
13
17
0
8
29
0
13
45
20
0
8
18
0
13
45
25
0
8
21
0
13
42
33
0
36
0
8
23
46
41
0
4
0
22
0
8
45
47
50
45
53
40
49
43
40
19
0
13
0
24
0
7
48
43
39
38
20
0
8
21
22
0
7
23
0
15
0
38
0
14
8
41
49
20
0
13
0
8
23
0
8
36
46
28
0
8
16
46
29
0
10
0
8
19
38
45
40
44
21
0
8
18
45
45
16
0
8
41
40
46
38
41
51
0
8
24
45
43
33
30
0
8
17
47
41
40
41
39
43
51
0
25
0
102
0
8
46
0
7
42
41
0
8
39
0
5
45
36
45
43
23
0
7
16
0
5
51
43
15
0
7
24
0
5
17
0
7
30
35
40
29
0
8
23
28
0
7
18
44
50
0
37
0
8
49
44
46
40
38
23
0
4
23
0
8
0
8
42
41
49
49
43
43
41
41
35
46
47
46
42
43
42
42
0
16
